70609659174939
70586809524251
70556152438811
70546185920539
70525101219867
70520295399451
70517032493083
70506772701211
70487468810267
70486983778331
70483841327131
70478252023835
70457157296155
70452992876571
70451947053083
70426967351323
70413810278427
70401645355035
70401015750683
70394065723419
70371237896219
70370947047451
70366392819739
70358383534107
70341655142427
70334925774875
70330825449499
70315286339611
70314707132443
70288915111963
70284576759835
70283750481947
70280665374747
70276761460763
70259684745243
70251797291035
70246426222619
70242825084955
70238254931995
70234509352987
70226441150491
70226074083355
70222822187035
70219365163035
70215240851483
70213941403675
70206323171355
70194755280923
70190395760667
70186037092379
70172699664411
70165166694427
70164478173211
70160780238875
70156423405595
70143752478747
70140994396187
70127271682075
70115466813467
70106623516699
70103321485339
70095063425051
70090882687003
70086969466907
70082752749595
70078661664795
70071318945819
70059656552475
70058917765147
70058894762011
70054961160219
70052032028699
70051033980955
70047196979227
70042800234523
70022778003483
70014404796443
69992483594267
69989369389083
69988456275995
69987891027995
69977175040027
69976789688347
69972010803227
69968771751963
69965622222875
69964621815835
69961130123291
69948611633179
69948116246555
69935943655451
69931246624795
69919906930715
69919590785051
69916574359579
69915512479771
69911880455451
69907129770011
69904465862683
69904147619867
69892786823195
69891058114587
69888443228187
69888269557787
69884464406555
69880366243867
69871951355931
69864248385563
69861179531291
69860834025499
69860465647643
69860198719515
69859910426651
69859697238043
69859588120603
69859326500891
69856254959643
69852398886939
69851754340379
69851033772059
69844745134107
69835569504283
69835303559195
69832265244699
69830861332507
69828184383515
69824442015771
69816887549979
69812889788443
69807304744987
69805219717147
69804400386075
69803163066395
69800289443867
69799334387739
69799210786843
69783823917083
69765003026459
69761666785307
69743200837659
69742714429467
69737555828763
69735206101019
69730194956315
69720197570587
69717036441627
69715394175003
69708314714139
69703383326747
69699166085147
69697785307163
69692649316379
69676868902939
69674963902491
69668417445915
69666811420699
69649163034651
69639400333339
69634688688155
69631925166107
69618534588443
69611570208795
69610052657179
69607190634523
69605965504539
69605215051803
69602804244507
69601929338907
69601723621403
69600977887259
69600113991707
69591179403291
69586358968347
69585362493467
69583424856091
69572740194331
69568968335387
69553524842523
69541015199771
69538160320539
69536410443803
69534712406043
69513432604699
69511824941083
69505901338651
69503823061019
69498756735003
69497120890907
69486972837915
69486542266395
69482665025563
69481988890651
69476738342939
69468946178075
69468452167707
69463934771227
69459335454747
69453521362971
69448696537115
69444196638747
69431294238747
69425436696603
69422477287451
69417072599067
69412556709915
69412545765403
69410999967771
69405023346715
69397163417627
69371790893083
69362464792603
69351721476123
69343274147867
69339341725723
69338214834203
69337599451163
69328645333019
69314337710107
69312800825371
69302693077019
69282290475035
69276840763419
69267658973211
69262436540443
69242751426587
69233042989083
69229489102875
69227517190171
69226842759195
69224711790619
69218408341531
69218059952155
69217255956507
69215045296155
69212247760923
69211250958363
69209991749659
69207899906075
69207761231899
69206880952347
69205795610651
69205468520475
69202280587291
69201531379739
69197480665115
69193801343003
69188412448795
69182430322715
69178304503835
69177860235291
69173238243355
69172527702043
69164187000859
69163938226203
69162776666139
69159117791259
69154430656539
69140363485211
69140086857755
69135469977627
69134742724635
69130778714139
69125040775195
69124416872475
69120406069275
69119907536923
69119586082843
69106013249563
69105326891035
69102274551835
69101044178971
69097830948891
69096932909083
69091723517979
69090949996571
69085431472155
69073493434395
69071632408603
69068597043227
69066905493531
69064398151707
69062082502683
69061795913755
69053638189083
69035007811611
69034004389915
69030149759003
69029701230619
69026654724123
69023916302363
69020665978907
69015374012443
69011681845275
69006523965467
69006141890587
69005945937947
69001446105115
68997827207195
68997415378971
68996348452891
68996185989147
68992953688091
68992629153819
68991987097627
68988675235867
68987207295003
68987012194331
68984718106651
68982457180187
68974426726427
68964379271195
68960371351579
68956633899035
68955848122395
68943717605403
68943393988635
68942987272219
68934434103323
68934046457883
68933425045531
68929591910427
68921017835547
68917473124379
68910933876763
68908087648283
68907710357531
68907383726107
68900431929371
68898998984731
68895826780187
68894824210459
68889759588379
68882971566107
68881745780763
68877239197723
68876252880923
68872957009947
68869014429723
68865547182107
68863897968667
68860821119003
68847025528859
68844468903963
68843862630427
68843304001563
68840928845851
68839784390683
68839488757787
68838854172699
68836028915739
68834761121819
68826163257371
68823291142171
68822863126555
68819252748315
68818280914971
68817596456987
68817022754843
68815287230491
68814470586395
68813986668571
68813349658651
68811948564507
68806211084315
68802216730651
68798626209819
68796193316891
68794413031451
68789767184411
68786791063579
68786379694107
68785733967899
68783360450587
68782908973083
68781824483355
68778082574363
68777562087451
68774671687707
68766646738971
68762656579611
68760009646107
68757837324315
68756917002267
68754564194331
68753106346011
68751130828827
68749249749019
68745171181595
68744895406107
68743497130011
68743227777051
68742172319771
68741732573211
68738210078747
68735463727131
68734375305243
68726763757595
68725917949979
68718945050651
68716475850779
68714058031131
68711573626907
68708181811227
68707570229275
68707051905051
68703017312283
68702536081435
68696253734939
68695643136027
68695352614939
68693086576667
68688289800219
68684142682139
68683979563035
68682723893275
68680085151771
68679516889115
68679255138331
68675879247899
68672546676763
68670975385627
68668077318171
68664761589787
68663967293467
68660663296027
68660412882971
68656588464155
68656043597851
68653423992859
68652620914715
68652502556699
68651537932315
68649111724059
68648777883675
68647777869851
68643202211867
68640248766491
68636687147035
68633811099675
68631706345499
68628954226715
68628627005467
68621634641947
68620620800027
68606375632923
68606086488091
68605642809371
68602730061851
68602041606171
68601635938331
68600677474331
68598974390299
68598046007323
68593873723419
68588757917723
68580886061083
68574594474011
68572081627163
68571128340507
68565549260827
68563093495835
68558840471579
68558333354011
68548847345691
68548276920347
68545572839451
68543755132955
68536571404315
68522559479835
68521397919771
68520644517915
68520139038747
68513806426139
68491543388187
68489612697627
68484221050907
68483541966875
68477382041627
68477032865819
68475563155483
68472177303579
68469844353051
68468524654619
68465282129947
68462410473499
68461979705371
68461642588187
68460137422875
68458551058459
68458240811035
68455465295899
68453539651611
68448632971291
68447110176795
68443579949083
68443501830171
68443171266587
68436930928667
68436713414683
68436179230747
68434397503515
68433035272219
68432518324251
68432103350299
68429860446235
68429387603995
68426425245723
68425133334555
68422195879963
68420578779163
68418265489435
68416018587675
68415240675355
68411675189275
68404411768859
68394101252123
68393727565851
68393427476507
68390930554907
68386361647131
68384465231899
68382345994267
68379392548891
68374599507995
68368621772827
68368154173467
68365154394139
68357183643675
68347522850843
68344235106331
68339282550811
68336764657691
68335570395163
68333975904283
68332787081243
68322030854171
68319234498587
68318813757467
68317559398427
68311094337563
68308805165083
68307446931483
68307327590427
68307142058011
68306991587355
68306882535451
68295678173211
68292002979867
68289666228251
68285748748315
68282238443547
68281250947099
68278351241243
68267255603227
68266606403611
68264553750555
68263634083867
68263128014875
68259313491995
68256726130715
68255708487707
68252559286299
68245221875739
68240493453339
68238743511067
68234006372379
68233150210075
68226821726235
68214265552923
68213466996763
68211051798555
68194411159579
68191992619035
68188425494555
68186704584731
68184022851611
68155284725787
68147390521371
68145289830427
68136573739035
68133623439387
68133244510235
68129438244891
68128092200987
68126406418459
68121741369371
68118239191067
68117868584987
68107593392155
68102862086171
68094434025499
68090076274715
68085250007067
68070567190555
68069878603803
68056610512923
68048581894171
68038944497691
68038373416987
68034654707739
68031680552987
68030731329563
68028645580827
68028410241051
68024404942875
68021835735067
68020548608027
68007234052123
68006354034715
68003115114523
68002843140123
68002622087195
68000169533467
67999002075163
67994537304091
67988676878363
67981494001691
67977770508315
67973240725531
67967166652443
67965658931227
67959096418331
67954669264923
67953415430171
67949947920411
67941653094427
67940837171227
67937556766747
67935501099035
67927974027291
67914948616219
67907784351771
67904763076635
67901303627803
67900447989787
67899583701019
67898132340763
67895811383323
67891832823835
67889534017563
67884675375131
67880765890587
67877780332571
67875948732443
67875013795867
67871767797787
67870999322651
67868126289947
67867132043291
67864389754907
67862328975387
67857427865627
67847544774683
67843002474523
67837515341851
67830436929563
67826090319899
67816055382043
67812720320539
67811811336219
67804383551515
67804111314971
67799021592603
67791155830811
67784798642203
67780019888155
67778895880219
67773983432731
67769574498331
67766854492187
67763103277083
67762490646555
67759127601179
67754223542299
67748889108507
67743848931355
67743056994331
67735703592987
67731830087707
67730325839899
67721780600859
67717829173275
67717392179227
67716097384475
67713277370395
67705281257499
67700424974363
67696979288091
67694981029915
67691716485147
67686357868571
67685294678043
67684123942939
67682535612443
67682167300123
67681633771547
67681068851227
67679917514779
67678499774491
67676035227675
67673886957595
67673491841051
67673112584219
67671991853083
67664785645595
67662121672731
67655351214107
67653294432283
67650239995931
67647322398747
67645243990043
67642507468827
67640420671515
67636238819355
67628879716379
67618444877851
67614844919835
67610888183835
67608333262875
67606200328219
67598831984667
67597342679067
67594420101147
67593461243931
67590454583323
67589319041051
67588224786459
67585971462171
67585558716443
67581808615451
67580783435803
67578582278171
67577642098715
67576646541339
67568646561819
67566040653851
67564825681947
67561576144923
67556398342171
67555841548315
67552780296219
67552151478299
67549334413339
67544967749659
67536827719707
67536313458715
67534660771867
67532971384859
67527934025755
67527367860251
67526555344923
67524510162971
67523492257819
67522795610139
67520203071515
67519618752539
67505184579611
67502626381851
67501752197147
67497627492379
67494043394075
67489659756571
67481711222811
67478440255515
67466380451867
67465455476763
67461919547419
67440586203163
67432586289179
67420024610843
67412330225691
67408586154011
67405702701083
67405163733019
67402478788635
67401379291163
67389570162715
67382695960603
67381131681819
67378746171419
67375147982875
67369700630555
67366467280923
67363828736027
67360254402587
67338977943579
67337706676251
67337408487451
67334106390555
67333549924379
67328264642587
67325892567067
67315691036699
67315177496603
67312085114907
67311278170139
67310338318363
67307277852699
67306556806427
67303867621403
67297031299099
67289403629595
67287970422811
67286190923803
67285210439707
67282117861403
67280959578139
67277609050139
67276649930779
67275503050779
67271193993243
67270829875227
67268722171931
67264361668635
67264237543451
67263745171483
67260327010331
67258041770011
67256933425179
67253924143131
67248202391579
67246829281307
67243211038747
67241691127835
67237734457371
67234026037275
67230444822555
67227077189659
67223853080603
67220735533083
67212626042907
67206669803547
67203670679579
67196678971419
67193717334043
67193317892123
67192971337755
67192559706139
67189718327323
67187032530971
67186267070491
67178719354907
67176556929051
67176132648987
67175350083611
67172924465179
67172786446363
67168199188507
67166113505307
67165161922587
67160402042907
67157767168027
67157524750363
67154691760155
67152320798747
67151856672795
67148778905627
67142107865115
67138614206491
67136052076571
67130557341723
67127885701147
67125393956891
67121060585499
67118952423451
67110826876955
67108296859675
67104835969051
67096131608603
67094921486363
67092134633499
67091596189723
67088021200923
67084658548763
67075710066715
67052263710747
67049596985371
67048726011931
67040877289499
67036854296603
67029841354779
67026627862555
67017023758363
67010345443355
67006724120603
67002248994843
66990417977371
66984128684059
66980112441371
66978028265499
66977924849691
66977387913243
66974402289691
66973840187419
66973164511259
66969944530971
66967384498203
66964691296283
66952993906715
66950133129243
66932880252955
66930173812763
66926842028059
66923026325531
66913066360859
66911732047899
66909193904155
66904771928091
66902299254811
66901624102939
66897975386139
66896135856155
66891321450523
66888004149275
66887161946139
66885296332827
66884075200539
66883037044763
66879721054235
66878598094875
66876159959067
66870817726491
66866617917467
66864085147675
66863065669659
66860010446875
66857662095387
66856554668059
66855991517211
66854140452891
66853889908763
66849549525019
66846864121883
66843073191963
66839440728091
66832988905499
66831623790619
66828106801179
66825900335131
66825034276891
66817168646171
66812439961627
66808425488411
66805989908507
66805686018075
66801069006875
66797314449435
66795050311707
66785291149339
66781589807131
66777110487067
66765453926427
66760829378587
66749664141339
66745531965467
66745222045723
66740842733595
66740832182299
66729592234011
66728282824731
66726130688027
66725770043419
66721801642011
66721335812123
66720428138523
66718737506331
66707339812891
66702362419227
66698235027483
66689581588507
66687326363675
66686482915355
66686036484123
66683977211931
66668600041499
66659622395931
66655813050395
66655307702299
66651205214235
66650712776731
66641866334235
66634320781339
66633397379099
66628441808923
66624076455963
66620740542491
66610914074651
66606647549979
66602302316571
66601783009307
66597743370267
66596779270171
66594600001563
66593522262043
66591883796507
66589937639451
66588421070875
66587466342427
66584075378715
66579708452891
66574141104155
66572334014491
66570264191003
66567690395675
66566424174619
66565618671643
66563664650267
66562696749083
66560990126107
66559099543579
66557427589147
66556599148571
66554653188123
66551983906843
66544962052123
66543311134747
66541289938971
66536642060315
66531942146075
66530553503771
66524737118235
66522197860379
66516817092635
66512592642075
66511158976539
66507469955099
66502487318555
66501999075355
66499862601755
66499038224411
66498075041819
66495250112539
66494711537691
66494034157595
66482159493147
66476617834523
66472247566363
66470644162587
66469469102107
66468463779867
66467924746267
66465279057947
66464148430875
66461723795483
66460837552155
66456292630555
65664922624027
65653931253787
65603397558299
65596251578395
65587049406491
65559655424027
65555361832987
65552726171675
65550136909851
65533109018651
65517082714139
65498644815899
65458651602971
65442192564251
65432030879771
65407050457115
65370578296859
65367399735323
65356519383067
65352734023707
65277277446171
65262630739995
65259822784539
65198607376411
65125032534043
65105543110683
65094632087579
65031496146971
65024678436891
64984349679643
64947849601051
64875240431643
64752216449051
64750360731675
64684789604379
64674270945307
64650223558683